18	12	24
ENSG00000000003	1.01023705333333	1.0578118475	2.222153607
ENSG00000000419	1.08735521	0.941970098333333	1.08596662666667
ENSG00000001630	1.15484634666666	1.03577128583333	2.60786832833334
ENSG00000002834	1.40149435333333	2.06512408766667	4.96755307233333
ENSG00000003056	0.743736046666664	1.5942448765	3.37639654033333
ENSG00000004779	0.670551303333331	0.835080493333334	1.60465383333334
ENSG00000005020	0.697611410000001	0.632798349999997	1.87676493033334
ENSG00000006015	1.3029244751648	1.03214272234482	1.31999491118868
ENSG00000006327	-0.904094886666671	1.071436588	2.08940527933333
ENSG00000006432	-1.39058562638897	-0.623189969174475	-1.8629879570659
ENSG00000006715	1.32117964333333	0.662637204666666	2.24587902666667
ENSG00000007255	1.62493392666667	1.21869467175	1.80407314633333
ENSG00000007944	-1.42733191	-0.771060334166668	-2.02359905333333
ENSG00000008282	1.02938397	0.768584767416669	1.00707749866667
ENSG00000008394	1.16001932666667	1.38160426333333	3.28037237366667
ENSG00000009413	-1.32225078333333	-0.710900943166666	-1.75019588566667
ENSG00000010219	0.893164580999999	1.05991032733333	1.41467146433333
ENSG00000010539	-1.25225433933334	-0.802520415916671	-1.28114906733333
ENSG00000010818	-1.56241066	-0.795840916666668	-3.58185482766666
ENSG00000011332	-1.95713888066667	-2.58719825208333	-5.47585720866667
ENSG00000011426	0.759262853333332	1.32429356125	2.203065783
ENSG00000012660	1.02264114886636	0.719534045527289	1.11035204728848
ENSG00000014164	-0.770931953333336	-0.785113294166671	-1.62147152666667
ENSG00000023608	1.252373659	1.26137203441667	2.54601051433333
ENSG00000024422	0.914922433333333	0.597763358333333	1.64424467333334
ENSG00000024526	0.548759392304722	0.518767309767783	0.716541845064028
ENSG00000027847	-1.80985155533333	-3.42810104741667	-7.231106965
ENSG00000030582	0.807869613333329	0.861431009166668	1.88093564
ENSG00000031691	0.843879368333332	1.04795253408333	2.36401449033334
ENSG00000034510	2.11498656	1.37481250666667	3.64077800266667
ENSG00000035687	0.880956022333333	0.839656416500001	1.66094997433333
ENSG00000037637	-0.749916993333337	-0.881996405833332	-1.14409614333333
ENSG00000039068	1.15304305	0.829062413333331	2.52014304333334
ENSG00000040275	0.558376024489846	1.0100971435103	1.42705250356768
ENSG00000042493	0.837596861375614	1.06911524479727	1.82970582170753
ENSG00000047621	-1.16322914833333	-0.756217973833337	-1.531481386
ENSG00000049245	0.726736227378785	0.583060002100364	0.639432633661228
ENSG00000049449	1.01613288	0.969447739833334	1.50589513
ENSG00000049769	-0.914005701666668	-0.667458913416665	-1.959332616
ENSG00000049860	1.21776948333333	0.922702398499997	1.77494746266667
ENSG00000051523	1.79480711	2.17780347733333	4.13689235666667
ENSG00000052344	1.11630456666667	0.947760638333333	2.32782072
ENSG00000053371	0.896365763333333	0.852317825499998	2.77956185333333
ENSG00000054148	1.11066002	0.534463775833332	0.758409293333336
ENSG00000054219	0.753474829999999	1.38016797633333	2.142538879
ENSG00000055483	-1.55723552	-1.31938256083333	-2.4398308
ENSG00000057608	1.13565644081756	0.67091155669094	0.810554187880732
ENSG00000058729	-1.04104527	-0.665026506666667	-1.43766108333333
ENSG00000059728	-0.834311663885851	-0.541502025428751	-1.02922404053064
ENSG00000061656	1.03178098933333	1.02917978158333	1.92586534566667
ENSG00000063177	0.770276196666664	1.66305735083333	2.75902400333334
ENSG00000064270	1.05343276333333	0.780759600833332	1.78449786333334
ENSG00000064490	0.879825993333333	0.701527756833329	1.27380630633334
ENSG00000064601	1.08296631018847	0.526900179059542	0.740151072523218
ENSG00000064999	-0.806131866345132	-1.27052152669223	-3.53337729581438
ENSG00000065057	1.18309234366666	0.904817091583333	0.847591759666667
ENSG00000065154	1.35514304	1.41645680283333	2.33546761466667
ENSG00000065526	-0.917389879794327	-0.51205460357584	-0.803148528538272
ENSG00000065559	-0.7046404107438	-0.642675009997491	-1.12261801688516
ENSG00000065621	1.088939273	1.04966403491667	1.92540880133334
ENSG00000068654	-0.78488412666667	-0.749679826254656	-0.708940119973377
ENSG00000069399	-1.46161067666667	-0.876544053333334	-2.2406699
ENSG00000070047	-0.954610466666667	-0.601304935000003	-0.614039429999998
ENSG00000070423	-0.578354606654181	-0.793845535907307	-1.28316295984278
ENSG00000070526	1.00508934	1.17228395283333	2.72553469866667
ENSG00000070756	0.984923759999997	0.745185332499999	0.862568460000003
ENSG00000072135	0.535264511365595	0.580261147687898	1.13167823420645
ENSG00000072274	1.44963556333333	1.54754985383333	3.479296097
ENSG00000072422	-1.74440663933333	-0.614831608166668	-1.14296241166667
ENSG00000075239	0.943570879475283	0.972960706455038	1.16389346190712
ENSG00000075391	-0.945857339323068	-0.647329682191929	-1.73066861858475
ENSG00000075413	-0.711509396666666	-0.704304414999999	-1.59936619666666
ENSG00000076716	0.804237129999998	0.771404539666665	1.80960695733334
ENSG00000077044	-1.06084819666667	-0.948042628333338	-1.79327447333333
ENSG00000077549	1.09378719131875	0.675454527612339	0.751356406683393
ENSG00000077721	1.1066605425859	0.776052249711821	1.73940982936668
ENSG00000078177	-1.32284963933334	-1.8521660205	-3.54725190866667
ENSG00000079387	-0.656557604202924	-0.577803345561534	-0.99223117723095
ENSG00000079931	1.321786502	0.687436646833332	1.79491840066667
ENSG00000080824	1.60294699264134	1.25319684456937	1.98818024133958
ENSG00000081014	-0.932019863333334	-0.73036112166667	-1.49786887
ENSG00000081041	-3.43449822689114	-2.19438624602773	-4.0613365886464
ENSG00000081692	-0.868317670000003	-0.717669725000001	-1.07224420333333
ENSG00000083937	0.734462596000001	0.816653876249999	1.37446724366667
ENSG00000084112	-0.840452922555003	-0.641082236802538	-1.39888874401787
ENSG00000084207	1.26342682999999	0.518957011666666	2.03883303333334
ENSG00000084234	1.32618245333333	1.20214205166666	3.28378630533334
ENSG00000085063	1.84133794333333	1.32061091283333	3.03492459933333
ENSG00000086065	0.598831422213171	1.51751297760331	2.02494849872398
ENSG00000086696	1.66222278433333	0.733697217083333	1.01561366366667
ENSG00000086712	-1.10276705	-0.907115624083336	-2.41158554466667
ENSG00000087586	1.36505492666667	0.756178710916666	1.900604421
ENSG00000088179	-0.741591745333335	-1.09511020175	-1.57641641233333
ENSG00000088808	-0.664347974745879	-0.950701464643143	-1.75446777652858
ENSG00000088826	-1.47221832333334	-0.54441643	-0.993114233333334
ENSG00000088986	0.685987402229102	0.802185846591534	1.73511032475865
ENSG00000089597	0.762993193333328	1.25322699783333	2.647420879
ENSG00000090238	1.36121552733333	0.892574214083331	0.860652393333334
ENSG00000090971	0.64234466	0.885583198416665	1.57509500366667
ENSG00000090975	-1.22404888333334	-0.539880532916668	-0.883565089999999
ENSG00000091009	-0.699442980000003	-0.511288941083334	-1.58109380266666
ENSG00000091157	-0.846260360000002	-0.542695553333336	-0.993231229999996
ENSG00000091592	-1.88695415819048	-2.60944813825161	-5.11289154784386
ENSG00000092010	0.966338203333332	1.0601934895	1.45343659733334
ENSG00000092621	1.52446062333333	1.56784382016667	2.94344903766667
ENSG00000092964	1.376881434	1.05959748883333	3.16093296166667
ENSG00000094755	0.887589363333335	2.16855664383333	2.42616683966667
ENSG00000095015	-1.05514594333333	-0.985999995833335	-2.11881654666666
ENSG00000095752	-2.66884626766667	-1.7323199325	-4.17497224433333
ENSG00000096968	-1.243966965	-0.648393059916668	-1.094668543
ENSG00000099330	1.06823195966667	0.813646371749999	1.13223774066667
ENSG00000099381	-0.915360570000003	-0.572522955000002	-1.49400601333333
ENSG00000099622	0.858654829229685	0.536208492127086	1.24411231603878
ENSG00000099992	-1.73908505	-2.04066215966667	-4.37886996833333
ENSG00000100234	1.93998499333333	1.54713924783333	2.99732319533334
ENSG00000100263	-0.768617980000003	-0.62775618933684	-1.00029092043887
ENSG00000100276	-1.710612326	-1.47239978016667	-4.11588678166666
ENSG00000100345	0.851897577952262	0.662234823622079	0.86330756292117
ENSG00000100376	-0.662295934348998	-0.616046216487142	-0.516037748774536
ENSG00000100387	0.807229006666667	0.692363732499998	1.22156489666666
ENSG00000100417	0.631621378666665	0.861112643583332	1.26268079466667
ENSG00000100418	0.956383246666667	0.768212674666666	2.31036693433333
ENSG00000100504	0.945484326666667	0.55215630933333	2.028680578
ENSG00000100528	0.83050638910664	0.586296808353559	0.980681630402688
ENSG00000100815	-0.927899463333335	-0.850930863333333	-2.05960584333333
ENSG00000100823	1.236010926	0.992177612999999	1.43141782866667
ENSG00000100897	0.679367996333331	1.27147194058333	1.78927463066667
ENSG00000100906	-2.46702926333333	-1.84590466333333	-5.15484208
ENSG00000100938	0.753204016648665	0.513646640271786	1.00627752573077
ENSG00000101132	0.833214943333332	0.642276782500001	0.809313253333334
ENSG00000101443	1.9950353589578	1.38194182229406	3.16675488098186
ENSG00000101624	0.520477814999999	0.681814109749999	0.716952248666667
ENSG00000101856	1.41354564666666	1.05846017083333	2.72893539
ENSG00000102007	1.92115239666667	1.09452862116667	2.214608507
ENSG00000102034	-1.48988138	-0.680328426666668	-1.83851955666666
ENSG00000102054	0.931139226666664	0.8518831475	2.11422924
ENSG00000102103	1.39684313587895	0.685631945526284	1.01225935112372
ENSG00000102243	1.65562930333334	0.689047088333334	2.46157429666667
ENSG00000102760	1.73239882333333	1.14015387616666	1.729713472
ENSG00000102786	-0.747470273928241	-0.624888976975172	-0.840887753406435
ENSG00000102804	-1.12885670333334	-0.893788365	-2.31260864666667
ENSG00000102837	2.64084941266667	1.17724691883333	3.177390297
ENSG00000102921	-0.984228807333338	-0.621592277416668	-2.055893924
ENSG00000103035	-0.832771893333334	-0.901072204166667	-1.61603566333333
ENSG00000103187	1.11320232666667	0.887208296666663	2.12124078
ENSG00000103769	1.00316278	1.65778941716667	2.825633948
ENSG00000104140	-1.22391960766667	-0.571091606916667	-1.493043169
ENSG00000104142	-1.24884536333334	-0.597351111666666	-1.523311847
ENSG00000104228	-1.01651754133334	-1.08350056133333	-1.04896471
ENSG00000104320	0.657551464333334	0.835929755583334	0.908539317000001
ENSG00000104341	0.729000935694508	0.741580045692119	1.30791487773103
ENSG00000104419	2.265272007	1.27954527991667	2.19870206133333
ENSG00000104442	0.771747466666665	0.994191707166666	1.71645533366667
ENSG00000104856	-1.25550086	-0.883457711666669	-3.57568901
ENSG00000104897	-0.583251490000004	-0.888781523333335	-1.79395205
ENSG00000105011	1.659839296	1.323298893	2.90329149633333
ENSG00000105085	-1.05610483666667	-0.860778730083335	-1.28559611866667
ENSG00000105127	-0.561630596666669	-0.870164784166667	-1.19017309
ENSG00000105355	0.570015840999999	0.929306229250001	1.292192915
ENSG00000105372	0.774287805243375	1.41585162102789	2.18672893295084
ENSG00000105409	-2.45967834566667	-3.00480843233333	-5.830310554
ENSG00000105438	1.56681565666666	1.40623901908333	2.43848479233333
ENSG00000105467	-2.09204631633334	-3.8498022565	-7.33690263033333
ENSG00000105519	1.46670893566667	1.13334545	1.678180455
ENSG00000105556	-0.976365703333338	-0.811390227500001	-1.18071185666666
ENSG00000105641	-1.05303459966667	-2.19210739983333	-4.60877531133333
ENSG00000105669	-0.844748428890545	-0.86162803099905	-2.01356219537684
ENSG00000105708	-1.054330641	-0.892299571416669	-1.82998105266666
ENSG00000105732	-1.03644472333333	-0.669247598666669	-0.685482756999998
ENSG00000105825	1.73698763666666	1.72680386716667	3.227232284
ENSG00000105974	1.45006314140935	1.56875834051405	2.69431425945076
ENSG00000106153	1.26041527	1.12017799666667	2.23592753
ENSG00000106246	-0.680118153333337	-0.914615154166667	-1.15376473
ENSG00000106302	-0.561152590000003	-0.58971353072642	-0.603795657004675
ENSG00000106355	0.943701269999997	0.815377019999998	1.20143203333333
ENSG00000106803	0.888728299999996	0.777518679166667	1.38244923
ENSG00000106804	1.33939212533333	0.509929804749999	1.56335680066667
ENSG00000107281	1.33495134666667	1.5696673045	2.79181425133333
ENSG00000107537	0.967117165666663	0.792426292666667	1.337249201
ENSG00000108389	-0.568646763333336	-0.720153725000004	-0.73121578333333
ENSG00000108515	-0.563640143666672	-0.599969341916669	-2.89807645733333
ENSG00000109084	1.07194602666666	0.6284055825	2.768948048
ENSG00000109180	1.34727049666667	1.0258914545	1.62073754666667
ENSG00000109205	1.53331531333334	0.857900474999994	2.04252316333334
ENSG00000109610	1.80007057666666	0.753277455833334	1.52132924333333
ENSG00000109670	-1.09762031566667	-0.564803478666667	-0.611270594
ENSG00000109787	-0.964848306666669	-0.691159124166667	-0.876453643333332
ENSG00000110060	-0.630782820000002	-0.50406620316667	-1.65461883333333
ENSG00000110090	0.952947785666666	0.512006163333334	1.15748783466667
ENSG00000110104	-1.04613697	-0.903767188333335	-1.16461543666666
ENSG00000110696	0.946914178981323	0.660909580175225	2.06397388202216
ENSG00000110717	1.15776595333333	0.72744561583333	1.39668503333333
ENSG00000110848	-0.738770009628726	-0.520685315826498	-1.95027198311602
ENSG00000110944	-1.250864622	-1.10049106333334	-4.40182449966666
ENSG00000110955	1.63741149	2.3558142655	4.05810993333333
ENSG00000110958	1.06868956	1.16158439608333	1.64677111066667
ENSG00000111237	0.60864296333333	1.383930072	2.679390878
ENSG00000111269	0.558140889666666	0.797728397916667	0.990399706333333
ENSG00000111275	1.19253310666667	0.801958016666667	2.337766166
ENSG00000111319	1.071380193	0.748753084583332	0.911406203333334
ENSG00000111412	-1.122846959	-0.702392605250001	-1.76703470466666
ENSG00000111424	-1.02692327333333	-0.790082021250001	-1.66312370166667
ENSG00000111450	-0.707397773000002	-0.688852204500002	-1.18613429766667
ENSG00000111653	1.240949441	0.82847567925	1.21452564733334
ENSG00000111665	1.53038939666667	1.03268885716667	2.37981674466667
ENSG00000111671	-1.00072389000001	-1.12964938666667	-1.19786226333333
ENSG00000111727	-1.23762180036551	-0.593185589915939	-0.981186212972767
ENSG00000111843	1.06377369935886	1.08092128794751	2.44969728878048
ENSG00000112280	-0.558948190333334	-0.74760198835636	-1.96760216069254
ENSG00000112294	0.739608512999998	0.848684901333332	1.042814482
ENSG00000112414	1.22763116333333	1.58063313075	2.23172855
ENSG00000112473	0.728935107999999	1.48536502066667	2.518933888
ENSG00000112474	0.926009578333333	0.574226488166666	1.09547290733333
ENSG00000112715	-1.04776713194597	-1.10502698762127	-1.33722347772818
ENSG00000112773	-2.16617266917158	-0.87219800245009	-1.9872281709061
ENSG00000112782	0.968959739209425	1.01599303586914	1.83588732950933
ENSG00000112796	1.02620604933333	1.1695351045	1.34006818466667
ENSG00000112984	2.07434401633333	1.79460732316667	2.27211504866666
ENSG00000113369	-1.77848167533334	-0.797011694416669	-3.58484744333333
ENSG00000113580	-1.18813575967891	-0.808368482013593	-1.9444679119607
ENSG00000113583	0.697419551079257	0.592227204639003	1.46887083240355
ENSG00000113811	-0.521347736666666	-0.589579499166667	-1.78543812666666
ENSG00000114209	0.611903589999999	1.4995899625	2.30900615466667
ENSG00000114315	-1.13048368966667	-1.098225436	-2.807435582
ENSG00000114698	0.989002092333335	0.721694885999998	1.14201309233333
ENSG00000114779	1.48125001366667	1.310864317	2.425431609
ENSG00000114796	1.98199440133333	1.00296671775	2.56597180633333
ENSG00000114854	2.40325846033333	1.37949882275	1.43885660933333
ENSG00000114902	1.06291069	1.857810253	3.37687654066667
ENSG00000114999	-0.831191906666669	-0.750627795833334	-1.35007596
ENSG00000115053	0.959734883333329	0.98858126	2.28058907666667
ENSG00000115128	1.16260545	1.1362426775	1.35664323666666
ENSG00000115129	0.645860267709629	0.674182980360599	1.55209500581064
ENSG00000115163	1.45201934066667	1.05858035725	2.53177003066667
ENSG00000115365	0.896646494999998	0.634390521333334	0.731485945333336
ENSG00000115392	0.917741065003622	0.875164206897526	1.98437151173034
ENSG00000115760	-0.668751575666668	-1.148139104	-1.78098739233333
ENSG00000115828	0.626332991455274	0.730677098946729	1.20627484713076
ENSG00000115998	-0.922729816666671	-0.668270964749998	-1.41263992366666
ENSG00000116133	0.949300059999998	1.43038091833333	4.280357632
ENSG00000116473	0.810771119999997	0.661516619166665	1.54276093333333
ENSG00000116675	-1.27322316233333	-0.877596007666668	-1.00411614366667
ENSG00000116729	0.550801873893469	0.565679994099518	0.90060360861935
ENSG00000116785	0.853016861333334	0.610878577166666	0.786741624333334
ENSG00000116791	1.1120254024384	0.782555151296907	1.1046132087418
ENSG00000117000	-0.94787786	-0.858822877333335	-1.673598569
ENSG00000117395	-0.511420463333335	-0.573200139166669	-0.761054213333333
ENSG00000117410	-0.64650043	0.816728787666663	2.21380423166667
ENSG00000117411	-0.581967410000003	0.922868277833333	0.892207236333335
ENSG00000117450	1.63327940315969	0.981701210104426	3.36556947518577
ENSG00000117751	-0.736503547081956	-0.595501578903833	-1.07414029686805
ENSG00000118246	-0.631339433333333	-0.629681683333333	-1.09390424333333
ENSG00000118503	-1.99672903633334	-1.89433751625	-5.38887166566666
ENSG00000118518	-0.958725117333334	-0.510518153083334	-0.947319023
ENSG00000118523	2.084305832	1.42985472866667	2.904814365
ENSG00000118849	1.70242952333334	1.2725542965	3.59372186166667
ENSG00000118855	0.864716794344352	0.940302352785619	1.05326139499067
ENSG00000118985	-1.06561582666667	-0.928001960000002	-1.69649654666666
ENSG00000119314	0.638299282144119	0.512306076016724	0.715277613726156
ENSG00000119640	0.801483136666663	0.692267728333333	1.14348383933333
ENSG00000119655	1.14584176666667	0.802647764166664	2.08752167333333
ENSG00000119661	-0.905976178000003	-1.08375895066667	-2.29849081866667
ENSG00000119801	0.886952909906442	0.510674174264261	1.01538631939872
ENSG00000119820	0.999145144999996	0.883794469333333	1.48234548533333
ENSG00000119862	-0.784503713333335	-0.908907990833336	-1.5281575
ENSG00000119922	-4.15087990762135	-0.69274126862721	-2.98946803170849
ENSG00000119965	-0.859041785333336	-0.888912249166668	-1.302118519
ENSG00000119986	-0.934883583766981	-0.510844959403021	-1.46478074435742
ENSG00000120075	0.729343673333335	0.954590201500001	2.72757201666667
ENSG00000120129	-3.603548206	-0.92692812	-2.38607678466666
ENSG00000120306	0.909666039999997	0.952057717499998	2.09854551333333
ENSG00000120708	0.810476696666665	0.509376589999999	2.57824852333334
ENSG00000120756	0.673518766666663	1.02777596533333	1.690967009
ENSG00000120875	-1.86280193000001	-0.778189110833336	-1.12750985666666
ENSG00000120885	1.73372819566667	1.77565176183333	2.84574026933333
ENSG00000120889	-1.81939604333334	-1.017131835	-2.5810004
ENSG00000120910	-1.45701634666667	-0.522019987083336	-1.22872814033334
ENSG00000121104	0.591871863333333	0.653482368333333	0.964790906666668
ENSG00000121578	0.995150407666664	0.811023720249998	1.52672590566667
ENSG00000121671	-1.05443806666667	-0.786532843750001	-1.51843602533333
ENSG00000121691	0.925096499999997	1.65097778325	1.90389619066667
ENSG00000121851	0.686133077502364	0.572870190404469	1.1096409827461
ENSG00000121858	-0.586943474898372	0.732130530075456	-1.39341227451405
ENSG00000122367	-1.91793250333334	-1.35641614668843	-1.64050508888176
ENSG00000122550	0.598080785227699	0.570309156397177	1.40785004487184
ENSG00000122641	-1.74237268466667	-1.34745436833333	-3.74082794833333
ENSG00000123080	0.988180176666667	0.818271854333334	2.486243252
ENSG00000123146	1.13943428333333	1.652752185	2.51686995666667
ENSG00000123179	1.17231913249582	0.512419539776828	1.54489742858655
ENSG00000123545	1.67609741066667	1.19914396333333	1.49440943133333
ENSG00000123643	-0.95315832	-1.09340903916666	-2.659768717
ENSG00000123908	-0.950700720000004	-0.503725864166669	-1.47780432666666
ENSG00000123975	1.44325104666667	0.916421565833332	2.43887363
ENSG00000124104	-0.730078308446229	-1.03821438172369	-1.25226162844658
ENSG00000124107	2.50004536333333	2.18299281266667	4.17888969933333
ENSG00000124120	-0.638135558563899	-0.581616014306897	-0.622391068239051
ENSG00000124370	1.21022231066667	0.743456311416667	1.08623770333333
ENSG00000124882	-0.571168300000004	0.927364551666665	1.35507381666666
ENSG00000125124	0.824268749666663	0.783871225583334	1.901361077
ENSG00000125398	-1.18399563	-0.918734315333333	-1.55045149933333
ENSG00000125538	-1.473583571	-0.904536081916668	-1.39034954266667
ENSG00000125652	1.11718914666667	1.08300160133333	1.970248462
ENSG00000125772	-1.41827626666667	-1.08750967366667	-1.33947038133333
ENSG00000125870	0.608134053098014	0.581977431664341	1.17178331666413
ENSG00000126003	-1.07314248093501	-0.600847488330507	-0.724905534642796
ENSG00000126067	0.928707451479038	1.18251674192173	1.87885525654952
ENSG00000126088	0.535614239999999	0.707358426666665	1.27968403366667
ENSG00000127081	-0.972438577	-0.744905392500001	-1.634157131
ENSG00000127124	-1.28545284666667	-0.953469322717292	-0.852239453209051
ENSG00000127324	0.765178929999998	1.78861259883333	2.37438332633334
ENSG00000127511	-0.85540304666667	-0.776423116666671	-1.21579459333333
ENSG00000127554	-0.732098279333339	-0.696198827500002	-0.979589440666665
ENSG00000127616	-0.749689926666673	-0.697931203333332	-1.53292122
ENSG00000127774	0.758347876666665	1.03464454333333	2.14402522433333
ENSG00000127831	1.25130689166667	0.724590812749999	0.891464437000002
ENSG00000127884	1.01712575333333	0.889310778333332	2.56191660333333
ENSG00000127989	-0.873290069666671	-0.621131012833335	-0.996563401333331
ENSG00000128050	1.22741672666666	1.04025093383333	3.76140773433333
ENSG00000128311	1.01318883	0.806924626666664	2.38606467333334
ENSG00000128805	-0.632259836	-0.523321610000002	-1.06430321533333
ENSG00000128951	0.925632755375453	0.646636940996359	1.97432457293222
ENSG00000129250	-0.597184686666668	-0.514487529999999	-0.560168716666664
ENSG00000129562	0.579211696666663	0.6943541575	1.95726405333333
ENSG00000130021	0.75408663	0.659448606000001	1.44510917366667
ENSG00000130203	0.78167743933333	0.551782961166667	1.348766539
ENSG00000130208	0.879407554333332	0.820336532249998	2.17490630566667
ENSG00000130222	-0.552178325032396	-0.604010223814351	-1.25516501844172
ENSG00000130294	-0.963169100000002	-0.848224559166666	-1.50865728666666
ENSG00000130669	-0.834761302666666	-1.64267985083333	-3.06801282366666
ENSG00000130749	-0.772061983333335	-0.656380344166668	-1.82329156333333
ENSG00000130803	-1.40022191333334	-0.944777937500001	-1.85064077333333
ENSG00000131148	-0.667432246666668	-0.563092710000004	-0.730795366666661
ENSG00000131263	-0.690526526168867	-0.540793588024647	-1.30709729218658
ENSG00000131323	-1.00361044033334	-0.662004202750001	-1.92740514566667
ENSG00000131471	-0.910025621000003	-0.549949388666667	-2.00497981633333
ENSG00000132275	-1.19395512666667	-0.651834218333333	-1.45197743
ENSG00000132286	-0.901101263333334	-1.11775830166667	-1.72740440999999
ENSG00000132326	-2.13945878341173	-1.02413147037829	-2.85843876275593
ENSG00000132329	1.30210192218779	0.882620925847727	1.97334076802422
ENSG00000132446	1.77226963	1.4848267605	2.021084792
ENSG00000132478	-0.525084890000004	-0.737909978999999	-1.29178880433333
ENSG00000132541	0.816817669999998	0.571417884833331	1.154151105
ENSG00000132698	1.64065152666667	1.94640473516666	3.413749767
ENSG00000132768	-0.545905160000002	-0.541019247500003	-1.28723639366667
ENSG00000133027	0.892362386	1.17002973058333	1.77111823266667
ENSG00000133169	0.826339047666666	0.502455715666665	0.675218907
ENSG00000133193	-0.860645000000002	-0.631853265833333	-0.719829246666664
ENSG00000133318	0.905784507192765	0.696072259230134	1.20135182977775
ENSG00000133321	1.18596319666666	0.819819050833335	1.92221180666667
ENSG00000133393	-0.900393206666668	-0.720072705	-1.01456479333333
ENSG00000133619	-0.864788263333338	-1.07304089033333	-2.47812903366667
ENSG00000133818	-0.536868962745095	-0.70531946704212	-1.12297635580965
ENSG00000133835	1.28627257333333	1.05616430433333	1.78120070166667
ENSG00000134030	0.635847738666666	0.948598538416666	1.61333880566667
ENSG00000134049	0.82565726	1.07594730075	2.21214001
ENSG00000134070	-0.80980989666667	-0.879738318333334	-2.85519216
ENSG00000134184	1.521231504	0.815227532166665	0.567762523666666
ENSG00000134202	1.91368078666667	0.820771839999995	2.94843508
ENSG00000134222	1.232184667	0.729686440333333	2.12009791133333
ENSG00000134248	0.597325813333329	0.556064051333331	1.03283341
ENSG00000134258	1.78809811333333	0.949486672318959	1.56118245794929
ENSG00000134294	0.661158620240911	0.747542884565391	0.650762667263762
ENSG00000134775	-0.890103880000002	-0.923913395666669	-2.12502260166667
ENSG00000135046	0.797977749999997	1.11847691833333	1.06456986
ENSG00000135052	0.65056064534096	0.725996099101164	1.2434986646816
ENSG00000135069	1.7534739	0.941869775333332	3.882465006
ENSG00000135114	-4.81593224	-1.216056907	-4.53315795633333
ENSG00000135185	0.678659648333331	0.60924695575	1.248381815
ENSG00000135211	0.537205185000001	0.806202479083331	1.322200582
ENSG00000135404	0.750467560000001	1.283619715	2.01528739
ENSG00000135476	0.620196540000001	0.620696888583332	1.18002107866667
ENSG00000135535	0.74457366363783	1.08276490654085	1.75889094724298
ENSG00000135722	-9.50393921800001	-9.21364741741666	-10.6962342816667
ENSG00000136059	0.680556286666665	0.6264684365	1.16193979
ENSG00000136156	1.32386243141808	0.758546407395682	1.6607067839806
ENSG00000136238	1.03912917666667	1.6044788405	2.82767802266667
ENSG00000136240	0.939170993333333	0.865319284166666	1.47613545666666
ENSG00000136527	-1.14608293107512	-0.766647585739817	-2.96383833913638
ENSG00000136536	-1.01212879833334	-1.05173389291667	-3.10107335366667
ENSG00000136689	-0.854490288355321	-0.632021839459752	-1.6376398583596
ENSG00000136802	-1.0003365	-0.783406503333332	-1.43182731333333
ENSG00000136897	1.16483867	1.07116995633333	1.85175649166667
ENSG00000136938	1.19877635	1.0094203925	1.70055352433333
ENSG00000137210	1.65600572382303	1.27933468339772	2.21128965291784
ENSG00000137266	-1.25318669834897	-1.47387286912224	-1.37697807845085
ENSG00000137648	0.992543088397809	0.579324290057099	1.26763941203773
ENSG00000137673	0.76202003333333	0.75349338	1.98486156666667
ENSG00000137752	1.18338986866667	0.860069033333334	1.78443831
ENSG00000137807	0.992431563558331	1.04382489074191	2.07150941719657
ENSG00000138135	-2.54155025866667	-0.694520433333335	-1.75104068466667
ENSG00000138166	-0.793288968000001	0.704424234499999	2.03453553866667
ENSG00000138413	1.57145256666666	1.44754471683333	4.23703785933333
ENSG00000138623	-1.17926443166667	-0.829868438166667	-1.098008607
ENSG00000138801	0.725592653333335	1.02790923266667	1.46891417533333
ENSG00000139055	0.915756304999999	0.635330050499999	1.59482511666667
ENSG00000139112	0.981121940346664	0.600917339868735	0.57689458633383
ENSG00000139318	-1.44866651666667	-0.657551056666669	-0.800286249999996
ENSG00000139372	-1.39055194104509	-0.605844197672098	-0.686855982800996
ENSG00000139644	1.81732906720727	1.34318449755995	2.86384352615427
ENSG00000139725	-2.069480012	-1.58503385475	-1.68611210166666
ENSG00000140259	0.660240626666665	0.916454439666666	2.13837792100001
ENSG00000140497	0.985423169	1.17072010383333	1.80758386233333
ENSG00000140511	0.968180413999997	0.500439888833333	1.25763785333333
ENSG00000140548	-0.808710134666668	-0.658374730333333	-1.22772433133333
ENSG00000140688	0.629106039999999	0.653075588333333	1.30200165666667
ENSG00000140859	-2.2248244	-4.10617972941667	-7.875541722
ENSG00000140941	0.940384116361557	0.580842822715886	0.835640204590416
ENSG00000141424	1.01278031966667	0.536626182666666	0.701362971666669
ENSG00000141542	0.802086436666662	0.746314502416666	1.19286969166667
ENSG00000141562	0.926428219999999	0.741279470833335	1.529997238
ENSG00000141642	-0.978548229000003	-0.709591477333338	-1.71574929733333
ENSG00000141682	-2.26360166666667	-0.787066221583335	-3.07304637133333
ENSG00000142186	-0.906220803333334	-0.714801403333338	-1.69065129
ENSG00000142192	1.97663246564511	0.698950258374567	1.05334854954468
ENSG00000143036	0.696362689999997	0.681434397000002	1.459148262
ENSG00000143067	-1.61822847166667	-0.559635841338204	-0.676294484712251
ENSG00000143149	0.644267043333333	1.29067195933333	2.06987154533333
ENSG00000143183	0.710995430000002	1.422831457	2.75741050933333
ENSG00000143198	1.22821719284686	0.949229215643655	2.79903626921256
ENSG00000143217	-2.13883056666667	-1.50634562341667	-3.33102830766667
ENSG00000143228	1.168631895	0.834715217999999	2.46479420533333
ENSG00000143333	-0.619122759265735	-0.874743721836867	-0.590381630567764
ENSG00000143401	0.827114272914557	0.727215987719633	1.38292808391304
ENSG00000143452	-0.793456975333336	-0.700239887878569	-1.21796580871266
ENSG00000143457	0.709426429999999	0.591486844999999	1.29586025333333
ENSG00000143507	-1.41307503133333	-0.743770345583334	-2.546355651
ENSG00000143669	-1.31376160166667	-0.847731386916668	-2.425043976
ENSG00000143748	-0.622880436666667	-0.75769186	-0.666351086666664
ENSG00000143751	-0.838320143	-0.721822472166666	-1.56338332766667
ENSG00000144021	-0.575313706666667	-0.624238281666667	-1.28273154
ENSG00000144130	-0.938862828666666	-0.925386076583333	-2.51915865166666
ENSG00000144136	-1.61855704000001	-1.23808486166667	-1.85511492333333
ENSG00000144655	-1.73430348655762	-0.513978447736146	-0.779772475927366
ENSG00000145016	-1.23012132378969	-0.570425243931454	-1.75007728806272
ENSG00000145022	0.826776584999999	1.12170612283333	1.52758543433334
ENSG00000145088	-0.587314263333336	-0.60726331341667	-0.778426259999998
ENSG00000145293	0.960934219999996	0.954538733666667	2.01301459766667
ENSG00000145386	1.38400772666666	1.02207054225	1.68897812333333
ENSG00000145741	1.45487401666666	2.36753414066667	3.37873389666667
ENSG00000146066	1.84802954066667	1.37528238016667	2.72917386466667
ENSG00000146072	1.20973967	0.691170511666665	2.11945557666667
ENSG00000146083	1.144456763	1.00679660466667	1.324097825
ENSG00000146232	-1.74371317666667	-0.886512561666668	-3.59511326
ENSG00000146410	0.570523849333331	0.933954774333331	1.27759364266667
ENSG00000146592	-2.29390255466667	-1.28885373808333	-2.699290055
ENSG00000146676	-0.830273769533377	-0.505931899800175	-0.969182319833831
ENSG00000146701	0.816374650000001	1.71726117983333	3.46981129333333
ENSG00000146729	0.752859736666666	1.37460876691667	2.54685181733333
ENSG00000147065	0.867613059999998	1.1184014625	1.81483873333333
ENSG00000147123	1.48667563666666	1.24863085283333	2.29049461333333
ENSG00000147140	1.00664437818069	1.23207391726348	2.21567769550208
ENSG00000147394	0.917533188999996	0.843593651499997	1.70433595933333
ENSG00000147592	1.19873449333333	0.570887210833331	1.727965869
ENSG00000147669	0.505863704666663	0.695457996583333	1.09943216966667
ENSG00000148175	1.133537883	1.19962840883333	2.014793638
ENSG00000148339	-2.20988717666667	-1.94968504583333	-3.79031734333333
ENSG00000148346	1.79045732666667	1.3826461575	2.76529881333334
ENSG00000148516	-0.666685482375217	-0.659988853955476	-1.31029576894388
ENSG00000148834	1.28723010666667	0.794208484666667	1.83665456133333
ENSG00000148841	-0.724151780000002	-0.654712165666667	-1.089430311
ENSG00000148926	-1.39732865	-0.902968635833333	-1.59410596666666
ENSG00000148942	-0.897036449000003	-0.808066700607562	-0.895103530389165
ENSG00000148985	0.921258645	0.740516142999998	1.772895199
ENSG00000149084	0.983992354657489	0.72430364550992	1.74444380600178
ENSG00000149196	0.761227793333334	0.659053951333331	1.26995682766667
ENSG00000149218	0.700917709999998	0.731238893666663	1.51265369933334
ENSG00000149289	-1.208963918	-0.512593523750001	-1.829944412
ENSG00000149474	-1.21812149533333	-0.995164783500002	-1.73127645633333
ENSG00000149809	1.05479915633333	0.607590070583334	0.755002012333333
ENSG00000150459	1.178972572	0.739280304166665	1.24529328766667
ENSG00000150756	0.709034409666665	0.662330358583332	1.631142321
ENSG00000151366	0.975519988328387	0.91859442334917	2.48972732376232
ENSG00000151665	1.29686767433333	1.04982844591666	2.45362451366667
ENSG00000151967	-1.02758374666667	-0.778105954166666	-0.692727739999998
ENSG00000152234	0.99325176	1.85651835283333	3.352308303
ENSG00000152454	-1.06170508533333	-1.05092113291667	-2.13309558399999
ENSG00000152558	0.555593403333329	1.5775420495	2.18059677966667
ENSG00000152952	0.645589299999996	0.892066521916664	2.89191617533333
ENSG00000153064	1.06239095466667	0.69170779225	1.40925217466667
ENSG00000153130	0.634755482999999	0.525301581999999	0.669173869666669
ENSG00000153140	0.712809136666668	0.918248396166667	1.57305561166667
ENSG00000153214	0.814432078709024	0.691915752564557	1.1154962655717
ENSG00000153904	0.769415756666663	0.623968621666667	1.931662336
ENSG00000154080	0.721731936333333	0.676108421749999	1.781090675
ENSG00000154309	-1.00369930465528	-0.740455116420969	-0.749827328776919
ENSG00000154727	0.551408668999999	0.856879514499999	1.05097767666667
ENSG00000154781	-1.08419964738867	-1.19902451510294	-2.14426793391848
ENSG00000154945	-1.07081922666667	-0.789079258333337	-1.52413938666666
ENSG00000155189	-1.07798244466667	-0.878432499916667	-1.24333171233333
ENSG00000155329	-0.966285380000001	-0.981726221666666	-1.66844638
ENSG00000155368	1.45969370666666	0.592978645833335	2.43870805666667
ENSG00000155393	-0.537520172	-0.678044951250001	-1.60084665233333
ENSG00000155465	0.536927410999996	0.582574925666665	1.313108776
ENSG00000155508	0.582256914333333	1.35946623475	2.131608839
ENSG00000156482	0.619562943333335	0.706829003333334	1.56516842333334
ENSG00000157379	0.502154948666666	0.506047832666665	1.26433362266667
ENSG00000157399	1.03552116266667	0.788121824416666	0.756972087666667
ENSG00000157429	-0.965191924000002	-0.956333122916667	-2.173640625
ENSG00000158125	-1.70773803066667	-1.45425188741667	-4.483067287
ENSG00000158417	0.548353499999998	0.574736207166666	1.66962108566667
ENSG00000158615	-0.787700530000005	-0.596724226666668	-0.970343970000001
ENSG00000158825	0.940272009333331	0.829323077166667	1.50539378933333
ENSG00000159147	-0.514486229666669	-0.618759148368473	-0.770016852071291
ENSG00000159176	0.58256442333333	0.574305493935077	0.903957030016172
ENSG00000159335	-0.516988873333334	-0.574285071666667	-1.021317
ENSG00000159455	-3.05032153666667	-2.44507240291667	-2.67057913433333
ENSG00000159579	-1.26355337666667	-0.856915150833333	-3.66634864666667
ENSG00000159596	1.076800282	0.926202663999999	1.497828165
ENSG00000160183	0.832071794999999	0.768249304666665	1.53832771233333
ENSG00000160199	-0.635339840000004	-0.727056299250001	-0.592277088666667
ENSG00000160213	1.61519513	0.878516848333332	2.13149263333333
ENSG00000160446	1.08579667130457	0.551881355121135	1.22740231182477
ENSG00000160584	-0.733510168666668	-0.685673664166668	-1.613048
ENSG00000160685	-0.841834217000004	-0.895915506250002	-0.874531305999998
ENSG00000160783	1.14763138433333	1.62473662383333	2.89371056366667
ENSG00000160932	1.22326358	0.676041207583332	1.53256652366667
ENSG00000161618	0.732941183666667	0.698654055666666	1.17542179066667
ENSG00000161981	1.27207182333333	1.0796725975	2.21027957066667
ENSG00000162086	-0.64495300529632	-0.638879097161667	-1.21743778897035
ENSG00000162191	0.662959366666664	0.50742639583333	1.18636963333333
ENSG00000162366	2.18021775	1.9727031435	2.82609355266667
ENSG00000162377	-0.791646673333337	-0.760108992583336	-1.05176333133334
ENSG00000162601	-0.901504788	-1.08495614158333	-2.053836441
ENSG00000162736	1.12877622333333	0.772276400833332	1.21611093333333
ENSG00000162772	-1.05824261214109	-0.544919174438011	-0.919554107074871
ENSG00000162777	1.583544763	0.799133665916664	1.627537192
ENSG00000162896	1.82492386533333	0.764611920333332	1.75954108033333
ENSG00000163041	0.89985259374227	0.87860411526643	2.56715630637446
ENSG00000163121	-1.87088952333333	-1.52171199416667	-3.83056896666666
ENSG00000163281	0.743906515000001	0.813086072500001	1.672603727
ENSG00000163319	-0.992908606666667	-0.542264329956235	-0.562515800304495
ENSG00000163347	2.30374996333333	1.9345923185	3.16406380866667
ENSG00000163430	0.630144241999998	0.844769354166666	1.57662474733334
ENSG00000163435	-1.02182831666667	1.07895292408333	2.72013189933333
ENSG00000163739	-2.93294894846822	-1.65464381625574	-1.73257859161803
ENSG00000163755	0.609984151999999	1.34887895283333	2.178813162
ENSG00000163808	1.02367565	0.655689795999999	2.285827664
ENSG00000163818	0.907410372333333	0.590940381916665	0.588526434666667
ENSG00000163874	-2.300857969	-1.38677848608333	-2.71710570366667
ENSG00000163993	1.99697272	0.815720885000003	2.79058527
ENSG00000164024	0.771143449999998	0.996116124833329	1.79289316433333
ENSG00000164096	0.865555203714061	0.73990133934895	2.03019343319543
ENSG00000164104	1.61468620333333	0.729451458333332	1.37424552
ENSG00000164128	0.723715778666666	0.503781024749998	1.33653801133333
ENSG00000164266	0.840160879999998	0.65903624	1.53436772333333
ENSG00000164294	1.79746329466857	0.660711494547939	2.76856823481299
ENSG00000164308	1.47261225666667	1.31846184016667	2.23741341933333
ENSG00000164338	-0.692381564	-0.99645794116667	-1.58059410366666
ENSG00000164885	0.865759692999997	1.03917100533333	1.11353036966667
ENSG00000164902	-0.680993710000001	-0.94597449	-2.09834886
ENSG00000164933	-1.29886063666667	-1.11391634666667	-1.51878910666667
ENSG00000164949	-3.25555719733333	-0.738351966333335	-4.06951101
ENSG00000164951	-0.895169786666666	-0.744363332500001	-0.915205196666666
ENSG00000165030	-1.35467675666667	-0.828367931666668	-1.87665315666666
ENSG00000165138	-0.715983900000003	-0.637429105833333	-0.978765226666664
ENSG00000165264	0.79355629333333	0.808539039999999	1.30909475
ENSG00000165304	0.767627161999999	0.996957741249999	2.03850812366667
ENSG00000165322	-1.42445528666667	-0.666921504166669	-1.60394268333333
ENSG00000165494	-1.28051602	-0.988320751416667	-2.74808395066667
ENSG00000165516	0.968505289999997	0.868254470333334	1.38063919866667
ENSG00000165684	-0.927786233333335	-1.04546263916667	-2.26782065666666
ENSG00000165948	0.893512809999998	0.534105403166669	0.805949310000003
ENSG00000166133	-1.06130128333334	-0.798285944250001	-0.896493126666665
ENSG00000166145	1.58724931666667	2.25126594883334	3.53800689533333
ENSG00000166228	1.8149708	1.25396628666667	1.15910239666667
ENSG00000166347	1.10037480312272	1.22408788897711	2.28296509302567
ENSG00000166669	-0.781301918333336	-0.580077928500002	-1.22073965366667
ENSG00000166741	1.57174631333333	0.851329003333332	1.68378093
ENSG00000166803	1.03078607	0.780030305833333	2.85323948
ENSG00000167005	0.833235884031528	1.54269141377625	2.24647454947359
ENSG00000167107	0.82968191333333	0.794653264833332	1.87651889866667
ENSG00000167130	-0.648522436666669	0.758713294083333	0.896934443000001
ENSG00000167165	1.02460110955378	0.832231528975252	1.01185363820356
ENSG00000167173	-1.29240002	-0.800913920000001	-1.37497663
ENSG00000167394	-1.09940447333334	-0.975183370833334	-1.38417716333333
ENSG00000167460	0.997315279993676	0.516619474292786	1.32596738362178
ENSG00000167632	0.62919582333333	0.821434369333333	1.28404395666667
ENSG00000167642	0.758801069999996	1.38235051833333	2.80816892
ENSG00000167721	-0.680771970000001	-0.929464530666667	-1.492123615
ENSG00000167747	-0.872005533333336	-0.861586935833333	-0.749874936666659
ENSG00000167755	1.0164449513204	1.08506063963372	1.58658157902836
ENSG00000167874	-1.335131502	-1.43030545075	-3.135898338
ENSG00000167925	0.962826440666666	0.543229125833334	0.772912878666668
ENSG00000167987	-0.68754825666667	-0.652052669999999	-1.13921513333333
ENSG00000167996	1.07388546585286	0.870652647416059	2.06508616658982
ENSG00000168003	-0.530308283333334	1.01656726608333	2.25541491033333
ENSG00000168096	-0.651360610000005	-0.566782774166666	-0.999234213333332
ENSG00000168159	0.76809747333333	0.819293110333332	2.38382519733334
ENSG00000168228	-0.857148623666667	-0.96244148625	-1.76242070033333
ENSG00000168374	0.778224986666667	1.04126737833333	2.32890274833333
ENSG00000168452	0.542660899999997	0.638566731249997	1.09428798266667
ENSG00000168743	0.968154523333332	0.958220655166663	2.20899152066667
ENSG00000168938	0.540527123333331	0.525200048333333	2.07709354533333
ENSG00000169016	-1.24765084684217	-0.583116045875117	-0.924887363285078
ENSG00000169018	-1.13162356066667	-0.973394302250002	-2.41806877366666
ENSG00000169019	0.698989485826928	0.627244363911821	0.816780955958014
ENSG00000169045	0.698523490000001	0.703398620833331	0.939411254333334
ENSG00000169155	-1.42069322266379	-0.765867841903054	-1.86200009510261
ENSG00000169174	1.15943353	0.570349595833333	2.21231428633333
ENSG00000169189	0.853803064403358	0.838855381608352	1.81021780451876
ENSG00000169251	-0.979465126666672	-1.1491493265	-2.315712785
ENSG00000169302	0.842326964666668	0.723208282666666	1.70439866533333
ENSG00000169429	-1.48456077485445	-0.618256424109208	-1.42954326773481
ENSG00000169684	1.035237574	0.596607604749997	1.38595720666667
ENSG00000169738	1.32741008333333	0.833393768333333	1.63370836666667
ENSG00000169914	-1.83995933466667	-0.604281448250001	-1.395089883
ENSG00000169976	0.893203979999998	0.766459749166666	2.09284889
ENSG00000170043	1.13789373666666	0.773610598083332	1.17696638333334
ENSG00000170145	-1.16761069633334	-1.15009812108334	-1.424093181
ENSG00000170248	0.90544950901225	0.604414092931149	0.828961313294385
ENSG00000170270	1.098731049	0.594465544583334	1.24449218033334
ENSG00000170293	1.09096479833333	1.159936532	2.850490517
ENSG00000170296	1.02022675333333	1.77871740383333	3.59206781633333
ENSG00000170310	0.634354523333332	0.687732401166665	1.10493879066667
ENSG00000170312	1.03855153	0.718683587833333	2.506547996
ENSG00000170430	1.01304167633333	0.815886037416664	1.499472781
ENSG00000170500	-1.35627721519726	-0.573945840867924	-0.547855541253087
ENSG00000170703	-2.23669475633333	-1.93107353925385	-2.29963518633081
ENSG00000170802	-1.08779961319028	-0.788106512687601	-1.20305207750408
ENSG00000170835	-4.96010393133334	-3.11788171485461	-2.83196866487157
ENSG00000171124	1.11088071	0.554568461166667	1.92380167866667
ENSG00000171155	0.788895816666665	0.870354968499999	1.638727331
ENSG00000171169	-0.844234299999999	-0.751222757500002	-2.40729213
ENSG00000171222	1.06746254833333	0.97842026275	1.58186216
ENSG00000171316	-0.643326662333335	-0.649860318833332	-0.762454546666665
ENSG00000171345	0.719932726666662	0.768073567499997	2.02268853
ENSG00000171428	0.807476577333334	0.758479709416666	1.01048640433333
ENSG00000171466	-1.12724675860295	-1.08890560737263	-1.81291463007223
ENSG00000171469	-0.509383407806464	-0.708034549536435	-0.767110717843761
ENSG00000171855	-0.801961990000001	-0.584832446333334	-1.18684328633333
ENSG00000172137	1.68363713	1.584306008	2.63179795866666
ENSG00000172262	-1.12690811333334	-1.06714715833333	-1.39781218666667
ENSG00000172340	0.822906339666665	1.39368821883333	1.92224539866667
ENSG00000172482	-2.030754187	-2.54680425141667	-4.76948016666667
ENSG00000172575	-0.893055565333336	-0.9359346185	-1.39194369366667
ENSG00000172818	-1.86346308666667	-0.987221860833334	-1.14061819766666
ENSG00000173068	-1.48894235066667	-1.83154531937441	-2.56465377066377
ENSG00000173145	-1.020508498	-0.669558124999999	-0.797403509999996
ENSG00000173221	1.75054635666667	0.53203616833333	1.54900216
ENSG00000173267	-0.582184936000002	-0.640929586166667	-1.44413879033333
ENSG00000173334	-2.33791985333334	-0.7565431825	-2.16323922333333
ENSG00000173418	0.641566043333333	1.18745542283333	2.17616453633334
ENSG00000173432	1.72715628866667	1.07428863016666	2.076186062
ENSG00000173530	-2.88771354333334	-1.17701350416667	-3.05771748
ENSG00000173660	0.908000270156945	0.574869445644019	2.12134475806962
ENSG00000173726	0.984737947731203	0.598352071874408	1.10034845080597
ENSG00000173801	1.05949912666666	2.30043282116666	4.46966090766667
ENSG00000173846	-2.06631675533333	-1.32688295333333	-1.72566520666667
ENSG00000173890	1.31743999	1.14831620041667	2.21513764866667
ENSG00000174165	1.48852601833333	1.37726719033333	2.40635159833333
ENSG00000174574	-1.46376912556548	-0.546811422453126	-1.593300115866
ENSG00000174718	-2.22018810666667	-1.2038516675	-4.22235015533333
ENSG00000174886	1.26341860666666	1.53707254383333	2.83860390366667
ENSG00000174928	-0.672295128333339	-0.731462319666667	-1.59091033066667
ENSG00000174938	1.51890870333333	0.548764213333331	1.20541180333334
ENSG00000174951	-0.991222643333331	-1.3584689125	-1.52222918333333
ENSG00000175063	1.09712124333333	0.928265821666664	2.42813744333334
ENSG00000175130	1.552223082	1.6153594565	2.793141512
ENSG00000175155	1.02492119233333	0.791587079666666	1.06053431866667
ENSG00000175216	0.542228559999997	1.40349007583333	2.82732001466667
ENSG00000175556	-1.98619114707003	-1.34787435583826	-2.51961699337491
ENSG00000175691	-0.708923106514855	-0.517590139624824	-1.05527017658154
ENSG00000175931	-1.07994946333334	-0.593800261666669	-2.60948263966667
ENSG00000176022	-0.608663213333336	-0.723111208333334	-0.755796179999999
ENSG00000176024	-1.28304476433334	-1.0332742965	-1.80431765033333
ENSG00000176225	-0.866427211333335	-0.678265194333333	-1.57517001933333
ENSG00000176340	1.10800520999999	0.554197759166662	1.45512088666667
ENSG00000176749	-0.589159799333336	-0.841129128750001	-0.974502990666666
ENSG00000176871	-1.16315669666667	-0.552960739166667	-1.63983797666666
ENSG00000177058	0.546848346666663	0.701123232	1.64111057333334
ENSG00000177150	-0.757196100333334	-0.760722943666668	-2.01333004833333
ENSG00000177169	0.843252837666664	0.952062422	1.62166105766667
ENSG00000177606	-2.938754473	-2.53793501083333	-3.41969513333333
ENSG00000178053	0.538067960026618	0.769626414534173	1.25323358624005
ENSG00000178449	1.22266898666666	0.537707610833335	1.99066720666667
ENSG00000178502	-1.288521278	-1.3792805425	-3.525055301
ENSG00000178982	0.976042396666669	1.05620867066666	1.89537858666667
ENSG00000179010	1.1873935283015	0.769862679589918	1.15748593518478
ENSG00000179055	-0.902658136666668	-2.105458862	-6.08114065
ENSG00000179292	-1.23552035333334	-1.2114171385	-2.48669970666666
ENSG00000179344	1.10685294621254	1.02783706607819	2.63899834208476
ENSG00000179361	-1.32724589666667	-1.3329669625	-2.20930685
ENSG00000179477	-1.56778906633333	-2.58810628141667	-4.98699749533333
ENSG00000179598	-1.04700193366667	-0.791518411000001	-0.633641473333331
ENSG00000179674	-0.911943803333338	0.529590186749999	-2.30849235033333
ENSG00000180035	-1.34709463333334	-0.947924540750004	-1.22426647433333
ENSG00000180257	-0.531178599666669	-1.12397771508333	-1.10923549433333
ENSG00000180304	1.28117539333333	1.70995336066667	2.64392809533334
ENSG00000180340	1.43571371333333	1.15219973416667	2.94427727166667
ENSG00000180370	0.654294982666666	1.31611665775	1.214534151
ENSG00000180423	-1.107170485	-0.689357649666667	-1.452150979
ENSG00000180611	-1.593019375	-0.859455105750001	-2.475927802
ENSG00000180879	0.84105777333333	0.896073666666665	1.47136331666666
ENSG00000181827	-1.49417232666667	-0.836378281666668	-1.85573943666667
ENSG00000182054	1.43195125999999	1.44726463308333	2.40263814266667
ENSG00000182551	1.34876983638617	0.912681107571861	1.95713107754019
ENSG00000182628	1.04147693236121	0.874806511148403	1.60245235892996
ENSG00000182712	0.510093336666665	0.513986850666667	0.820952166333334
ENSG00000182774	-0.827966150761975	-1.07138537708474	-2.35046049099929
ENSG00000182810	-0.802038293333335	-0.935364545000002	-1.08397085
ENSG00000182903	-0.721406693333334	-1.01537132933333	-1.73416272566666
ENSG00000182919	0.9870024983249	0.556155092039928	1.02844158729645
ENSG00000183454	-0.884534980954142	-0.755294288138128	-1.38722353030786
ENSG00000183574	0.659655469999997	1.38662269916667	2.308994973
ENSG00000183655	-1.66861487666667	-0.959085259999999	-1.65025648666666
ENSG00000183726	0.994533469666665	1.15011518133333	1.79091617733333
ENSG00000183742	-1.01099929	-0.671704574166669	-1.70788677066667
ENSG00000183828	0.747672224	0.668335169750001	0.863200009000002
ENSG00000184014	-0.949752309999999	-0.635514571916669	-1.958527096
ENSG00000184117	1.01386855666667	1.75463386866667	3.045393606
ENSG00000184860	-1.0056389	-0.724858024083336	-0.949646140999999
ENSG00000185015	0.980697410999998	0.631142188499997	1.58023523466667
ENSG00000185088	1.15128253333333	0.803655804166664	1.50437636
ENSG00000185149	-1.008079874	-0.916002359438421	-1.65509799804445
ENSG00000185215	-0.690552176666669	-0.782281625000001	-1.65595489666666
ENSG00000185359	-0.780779470000002	-0.787641084166667	-1.70982015333333
ENSG00000185432	1.69047396666667	0.695795777833332	2.631379313
ENSG00000185453	-0.900906896666665	-0.615212239166668	-0.814309256666666
ENSG00000185475	0.985407748999998	1.23589430866667	2.61624725433334
ENSG00000185634	-1.134381742	-0.551117461416667	-1.89320690633333
ENSG00000186026	-0.681641413451077	-0.562509221962752	-0.53943372991595
ENSG00000186272	-1.37764120433333	-1.07792173075	-2.49503277
ENSG00000186298	0.637938141481502	1.13983663597017	2.07966325236366
ENSG00000186300	-1.11311887875859	-1.15833575653478	-3.62343357645161
ENSG00000186468	0.707760879526823	0.532418842706833	1.0984975566473
ENSG00000186844	-1.68204481333333	-1.77884109916667	-3.59174255
ENSG00000187546	0.708794855666667	0.568203207166666	0.785874437000002
ENSG00000187792	-0.67413423766667	-0.541701238333333	-0.739256937999999
ENSG00000188021	0.622129166666665	0.739366372166667	1.74904028833333
ENSG00000188042	-1.01319294	-0.8411600925	-1.65717254333334
ENSG00000188215	-2.18392324	-0.999579097916668	-2.786144258
ENSG00000188290	-1.26847524333334	-0.509795020833337	-1.29032258333333
ENSG00000188396	-0.812935508578595	-0.692534030944734	-1.71936980342124
ENSG00000188522	-1.08561075855695	-0.697289165499166	-1.33079326621346
ENSG00000188620	-1.220559558	-1.52934058958333	-4.67504585633333
ENSG00000188641	0.914703404666665	0.578568585386922	0.661322033935569
ENSG00000188786	-1.26119496766667	-1.0674572975	-1.82043957566667
ENSG00000188994	-0.97858320460825	-0.760914962419077	-2.76709935835783
ENSG00000189060	0.876984403333333	1.34663367	3.092640725
ENSG00000189159	1.47325724459081	0.97379736774506	2.18792499259894
ENSG00000196126	1.44340466966667	1.56738646433333	3.39927166066667
ENSG00000196136	0.934323367797304	1.66952324423213	2.70865618377768
ENSG00000196139	0.736330986666664	0.670909070833331	0.671149863333337
ENSG00000196182	-1.31597437	-0.839912424166669	-1.89586808666666
ENSG00000196214	-0.553102056666668	-0.637575926666668	-0.891598666666663
ENSG00000196260	1.13350774333333	0.723662799166667	1.63884256333334
ENSG00000196408	0.648545121	0.703935300749999	1.04278859566667
ENSG00000196639	-1.113996875	-1.10386903466667	-2.59430624833333
ENSG00000196843	-0.9740521236249	-1.22823412907855	-2.63238719915428
ENSG00000196975	1.97781743333334	0.948226301666668	2.36279719666667
ENSG00000197024	-1.71183601333333	-1.33058796233333	-2.29908878133333
ENSG00000197044	-0.709952996000002	-0.676320888982143	-0.968171469615057
ENSG00000197063	-1.02140452609956	-0.643070945358805	-1.22699475169528
ENSG00000197223	1.2373821726874	0.991471554247063	1.19303295391176
ENSG00000197362	-1.032906714	-0.751752292333335	-1.12480779866667
ENSG00000197608	-0.905750960333336	-1.21020728166667	-3.20516255166666
ENSG00000197779	-0.865351672598769	-0.952553550859112	-1.36996721871721
ENSG00000197894	1.01285677633333	0.546128112083331	2.228895317
ENSG00000197956	0.874006596666662	0.944762199999999	0.995832846666666
ENSG00000197976	-1.40372557333334	-1.09657417916667	-1.61348500666666
ENSG00000198157	1.173075306	0.869516824916665	1.33279974166667
ENSG00000198189	1.3485617	1.48525229641667	3.45759630633333
ENSG00000198355	-2.06524894333333	-0.720992095000002	-1.73111748
ENSG00000198356	1.58952284666667	1.4631865445	1.82493087966667
ENSG00000198466	0.846974593315983	0.688158868495943	1.68068475359533
ENSG00000198467	1.19348924279649	0.556846890918726	1.406253881878
ENSG00000198478	0.853931111125001	0.837951359835737	1.48077454696856
ENSG00000198502	1.46765205766666	1.09369171066667	3.14429369166667
ENSG00000198718	-1.14104046666667	-0.728989456833334	-1.88355583
ENSG00000198732	1.48818144722867	0.663325092584322	1.10396386705202
ENSG00000198837	-1.38316972333333	-1.09915564583333	-2.56784283
ENSG00000198883	-1.900113033	-1.88974339791667	-3.67785875266667
ENSG00000198918	0.72328326753308	0.686175562476764	1.59056222356902
ENSG00000203666	0.638603853666666	0.531269785166665	1.20389577866667
ENSG00000203907	1.24792185566667	0.541353798333333	1.201940944
ENSG00000203950	1.031084196	0.97902398725	1.854475923
ENSG00000204228	0.926009578333333	0.574226488166666	1.09547290733333
ENSG00000204256	-1.23242544666666	-0.869801827500003	-1.59238512333333
ENSG00000204264	0.950353126666665	1.03777186108333	1.112085415
ENSG00000204287	1.179771296	1.57978844933333	3.117144599
ENSG00000204308	0.659655469999997	1.38662269916667	2.308994973
ENSG00000204525	1.03610863984029	0.733312059933322	0.513999306139942
ENSG00000204569	-1.48093917	-0.9080233675	-2.19506060666666
ENSG00000204592	0.682852696666663	0.739692298333333	0.768218540000003
ENSG00000204632	1.42390211	1.0410205625	0.762878886666667
ENSG00000204983	2.17330196333333	1.24928128116667	2.47584215166667
ENSG00000205544	1.47202188333333	1.265232465	3.68287962966667
ENSG00000205981	0.83968715343109	0.569321502202042	1.57431634494551
ENSG00000206237	1.10685294621254	1.02783706607819	2.63899834208476
ENSG00000206240	1.44340466966667	1.56738646433333	3.39927166066667
ENSG00000206256	0.542660899999997	0.638566731249997	1.09428798266667
ENSG00000206288	0.728935107999999	1.48536502066667	2.518933888
ENSG00000206298	0.950353126666665	1.03777186108333	1.112085415
ENSG00000206302	1.10685294621254	1.02783706607819	2.63899834208476
ENSG00000206306	1.44340466966667	1.56738646433333	3.39927166066667
ENSG00000206308	1.179771296	1.57978844933333	3.117144599
ENSG00000206329	0.542660899999997	0.638566731249997	1.09428798266667
ENSG00000206435	1.03610863984029	0.733312059933322	0.513999306139942
ENSG00000206452	1.03610863984029	0.733312059933322	0.513999306139942
ENSG00000206465	1.13350774333333	0.723662799166667	1.63884256333334
ENSG00000206489	-1.48093917	-0.9080233675	-2.19506060666666
ENSG00000206493	0.682852696666663	0.739692298333333	0.768218540000003
ENSG00000206506	1.42390211	1.0410205625	0.762878886666667
ENSG00000213186	0.684550433333334	0.71858350025	1.58706181466667
ENSG00000213341	-0.816083353333337	-0.563787320000001	-0.74667376333333
ENSG00000213463	0.623523156666663	0.615134451666666	1.45271032366667
ENSG00000213853	1.29634390664805	0.792739882848333	2.74576586322594
ENSG00000214050	-0.799856244333335	-0.713105247333335	-1.20687930166666
ENSG00000214194	1.41157769118054	0.96682626269067	1.07557536937766
ENSG00000214253	1.45352443333333	1.38988482333333	2.588250653
ENSG00000214274	1.57578242633333	0.758757050749999	2.818313758
ENSG00000214736	0.755207456666666	1.28965957566667	2.78085257066667
ENSG00000215077	-1.23242544666666	-0.869801827500003	-1.59238512333333
ENSG00000215845	0.807004286666665	0.911660911499998	1.37411513666667
ENSG00000217128	-1.08767468733333	-0.768895765416668	-1.96362335266667
ENSG00000219607	-2.15782905366667	-2.53124254133334	-4.47348983633333
ENSG00000221821	1.15996640498175	0.582623291046549	1.68909927649365
ENSG00000221957	-2.127792066	-1.7651162107787	-2.53186116406152
ENSG00000221988	0.542660899999997	0.638566731249997	1.09428798266667
ENSG00000223767	0.659655469999997	1.38662269916667	2.308994973
ENSG00000224246	1.13350774333333	0.723662799166667	1.63884256333334
ENSG00000224399	0.728935107999999	1.48536502066667	2.518933888
ENSG00000225201	0.682852696666663	0.739692298333333	0.768218540000003
ENSG00000225312	0.926009578333333	0.574226488166666	1.09547290733333
ENSG00000225452	0.659655469999997	1.38662269916667	2.308994973
ENSG00000225454	1.13350774333333	0.723662799166667	1.63884256333334
ENSG00000225691	1.03610863984029	0.733312059933322	0.513999306139942
ENSG00000225824	1.10685294621254	1.02783706607819	2.63899834208476
ENSG00000226201	0.950353126666665	1.03777186108333	1.112085415
ENSG00000226260	1.179771296	1.57978844933333	3.117144599
ENSG00000226264	1.70785195	0.718478959999997	2.40144957666667
ENSG00000226614	0.728935107999999	1.48536502066667	2.518933888
ENSG00000227277	0.659655469999997	1.38662269916667	2.308994973
ENSG00000227357	1.328070522	1.74619433016667	3.50423997
ENSG00000227402	0.728935107999999	1.48536502066667	2.518933888
ENSG00000227600	0.542660899999997	0.638566731249997	1.09428798266667
ENSG00000227804	-1.48093917	-0.9080233675	-2.19506060666666
ENSG00000227826	1.328070522	1.74619433016667	3.50423997
ENSG00000227993	1.179771296	1.57978844933333	3.117144599
ENSG00000228080	1.44340466966667	1.56738646433333	3.39927166066667
ENSG00000228116	0.542660899999997	0.638566731249997	1.09428798266667
ENSG00000228299	1.03610863984029	0.733312059933322	0.513999306139942
ENSG00000228357	0.926009578333333	0.574226488166666	1.09547290733333
ENSG00000228405	0.659655469999997	1.38662269916667	2.308994973
ENSG00000228474	1.07608253	0.681863781666665	2.05604005333334
ENSG00000228712	0.926009578333333	0.574226488166666	1.09547290733333
ENSG00000228907	0.659655469999997	1.38662269916667	2.308994973
ENSG00000228987	1.179771296	1.57978844933333	3.117144599
ENSG00000229074	1.44340466966667	1.56738646433333	3.39927166066667
ENSG00000229252	0.682852696666663	0.739692298333333	0.768218540000003
ENSG00000229802	0.728935107999999	1.48536502066667	2.518933888
ENSG00000230034	0.950353126666665	1.03777186108333	1.112085415
ENSG00000230072	1.13350774333333	0.723662799166667	1.63884256333334
ENSG00000230254	0.682852696666663	0.739692298333333	0.768218540000003
ENSG00000230413	1.42390211	1.0410205625	0.762878886666667
ENSG00000230669	0.950353126666665	1.03777186108333	1.112085415
ENSG00000230678	-1.23242544666666	-0.869801827500003	-1.59238512333333
ENSG00000230726	1.179771296	1.57978844933333	3.117144599
ENSG00000230995	-1.48093917	-0.9080233675	-2.19506060666666
ENSG00000231021	1.328070522	1.74619433016667	3.50423997
ENSG00000231286	1.10685294621254	1.02783706607819	2.63899834208476
ENSG00000231618	0.542660899999997	0.638566731249997	1.09428798266667
ENSG00000231631	0.950353126666665	1.03777186108333	1.112085415
ENSG00000231737	-1.48093917	-0.9080233675	-2.19506060666666
ENSG00000231939	1.10685294621254	1.02783706607819	2.63899834208476
ENSG00000232357	0.926009578333333	0.574226488166666	1.09547290733333
ENSG00000233095	1.42390211	1.0410205625	0.762878886666667
ENSG00000233209	1.10685294621254	1.02783706607819	2.63899834208476
ENSG00000233276	1.11220539592079	1.27563214539169	2.9770162092669
ENSG00000233841	1.03610863984029	0.733312059933322	0.513999306139942
ENSG00000233904	0.682852696666663	0.739692298333333	0.768218540000003
ENSG00000234154	1.70785195	0.718478959999997	2.40144957666667
ENSG00000234507	-1.23242544666666	-0.869801827500003	-1.59238512333333
ENSG00000234704	-1.23242544666666	-0.869801827500003	-1.59238512333333
ENSG00000234794	1.179771296	1.57978844933333	3.117144599
ENSG00000235291	-1.48093917	-0.9080233675	-2.19506060666666
ENSG00000235307	-1.23242544666666	-0.869801827500003	-1.59238512333333
ENSG00000235346	1.42390211	1.0410205625	0.762878886666667
ENSG00000235680	1.42390211	1.0410205625	0.762878886666667
ENSG00000235715	0.950353126666665	1.03777186108333	1.112085415
ENSG00000236227	-1.23242544666666	-0.869801827500003	-1.59238512333333
ENSG00000236443	0.950353126666665	1.03777186108333	1.112085415
ENSG00000236632	0.682852696666663	0.739692298333333	0.768218540000003
ENSG00000236649	0.542660899999997	0.638566731249997	1.09428798266667
ENSG00000236884	1.44340466966667	1.56738646433333	3.39927166066667
ENSG00000237022	1.03610863984029	0.733312059933322	0.513999306139942
ENSG00000237216	1.42390211	1.0410205625	0.762878886666667
ENSG00000237814	1.13350774333333	0.723662799166667	1.63884256333334
ENSG00000238104	-1.48093917	-0.9080233675	-2.19506060666666
ENSG00000239329	1.70785195	0.718478959999997	2.40144957666667
ENSG00000239836	1.02506190666667	1.18906874658333	1.32334890866667
ENSG00000240065	1.02506190666667	1.18906874658333	1.32334890866667
ENSG00000240118	1.02506190666667	1.18906874658333	1.32334890866667
ENSG00000240230	-0.920491233333334	-0.843849268250002	-1.23231014266667
ENSG00000240508	1.02506190666667	1.18906874658333	1.32334890866667
ENSG00000241296	1.70785195	0.718478959999997	2.40144957666667
ENSG00000241399	0.778034343275844	0.703960616146577	1.84791719084144
ENSG00000241476	-10.2924765823333	-6.91441288711283	-3.96149179505778
ENSG00000241674	1.70785195	0.718478959999997	2.40144957666667
ENSG00000242092	1.70785195	0.718478959999997	2.40144957666667
ENSG00000242265	2.00542973633333	0.702156223083333	2.495796243
ENSG00000242386	1.70785195	0.718478959999997	2.40144957666667
ENSG00000242574	1.70785195	0.718478959999997	2.40144957666667
ENSG00000242711	1.02506190666667	1.18906874658333	1.32334890866667
ENSG00000243067	1.02506190666667	1.18906874658333	1.32334890866667
ENSG00000243594	1.02506190666667	1.18906874658333	1.32334890866667
ENSG00000243958	1.02506190666667	1.18906874658333	1.32334890866667
ENSG00000247596	1.13359030433333	0.795669996416667	0.918808924666667
ENSG00000250254	1.04213889333334	0.555922470833332	2.19917681966667
ENSG00000254999	1.0647801020463	0.776039621464841	1.5347647081437
ENSG00000256087	-1.09256403566667	-1.20365286916667	-4.40309624633333
ENSG00000258315	1.16314274333333	1.01446441825	1.14329470466667
ENSG00000258818	1.43659707333333	0.671898054916665	0.600652176333334
ENSG00000261649	-1.37149368833333	-2.20687350108333	-4.367423493
ENSG00000262406	-1.36172881233333	-2.72385804766667	-5.81038018633333
ENSG00000267795	0.971311843333332	1.15397315416667	1.882212518
ENSG00000272886	-0.849137549505222	-0.826169245094585	-2.13938367211065
ENSG00000273526	-2.127792066	-1.7651162107787	-2.53186116406152
ENSG00000273749	0.740049088666665	0.764873580416667	1.951890845
ENSG00000273931	-2.127792066	-1.7651162107787	-2.53186116406152
ENSG00000274180	-2.92735110133334	-3.70453569791667	-6.54232330166666
ENSG00000274247	2.17330196333333	1.24928128116667	2.47584215166667
ENSG00000274324	-2.127792066	-1.7651162107787	-2.53186116406152
ENSG00000274349	-1.35114068197557	-0.67460805613562	-1.01690071936526
ENSG00000274406	-2.127792066	-1.7651162107787	-2.53186116406152
ENSG00000274533	-2.127792066	-1.7651162107787	-2.53186116406152
ENSG00000274714	-2.127792066	-1.7651162107787	-2.53186116406152
ENSG00000274780	-0.954610466666667	-0.601304935000003	-0.614039429999998
ENSG00000274807	-2.127792066	-1.7651162107787	-2.53186116406152
ENSG00000274921	-2.127792066	-1.7651162107787	-2.53186116406152
ENSG00000274947	-2.127792066	-1.7651162107787	-2.53186116406152
ENSG00000274957	-2.127792066	-1.7651162107787	-2.53186116406152
ENSG00000274997	0.601405066666664	0.764882549166668	1.728667807
ENSG00000275221	0.770467883333331	1.03980338083333	1.88205981333334
ENSG00000275351	-2.127792066	-1.7651162107787	-2.53186116406152
ENSG00000275353	-2.127792066	-1.7651162107787	-2.53186116406152
ENSG00000275619	1.098731049	0.594465544583334	1.24449218033334
ENSG00000275714	1.28713239666666	1.072530698	2.70763001966667
ENSG00000275731	-2.127792066	-1.7651162107787	-2.53186116406152
ENSG00000275938	-2.127792066	-1.7651162107787	-2.53186116406152
ENSG00000276051	1.42390211	1.0410205625	0.762878886666667
ENSG00000276154	-2.127792066	-1.7651162107787	-2.53186116406152
ENSG00000276209	-2.127792066	-1.7651162107787	-2.53186116406152
ENSG00000276368	0.864766973333332	1.1313597885	2.18589443
ENSG00000276395	-2.127792066	-1.7651162107787	-2.53186116406152
ENSG00000276465	-2.127792066	-1.7651162107787	-2.53186116406152
ENSG00000276634	-2.127792066	-1.7651162107787	-2.53186116406152
ENSG00000276880	0.893512809999998	0.534105403166669	0.805949310000003
ENSG00000276885	-2.127792066	-1.7651162107787	-2.53186116406152
ENSG00000276914	-0.900393206666668	-0.720072705	-1.01456479333333
ENSG00000277078	-2.127792066	-1.7651162107787	-2.53186116406152
ENSG00000277345	-2.127792066	-1.7651162107787	-2.53186116406152
ENSG00000277481	-0.969083168000002	-0.76906268125	-1.734786339
ENSG00000277656	1.65366945	1.07038918166667	2.24278483733333
ENSG00000278032	1.22326358	0.676041207583332	1.53256652366667
ENSG00000278129	-1.68199642333333	-1.23060666391667	-2.38870864566666
ENSG00000278229	-0.827966150761975	-1.07138537708474	-2.35046049099929
ENSG00000279170	-0.644291200666669	-0.767004231250001	-1.06276304966666
ENSG00000280610	1.02367565	0.655689795999999	2.285827664
ENSG00000280618	0.740049088666665	0.764873580416667	1.951890845
ENSG00000280830	1.34876983638617	0.912681107571861	1.95713107754019
ENSG00000280873	-1.06084819666667	-0.948042628333338	-1.79327447333333
ENSG00000282684	-0.770931953333336	-0.785113294166671	-1.62147152666667
ENSG00000282825	0.635847738666666	0.948598538416666	1.61333880566667
ENSG00000282830	1.68363713	1.584306008	2.63179795866666
ENSG00000282986	0.976042396666669	1.05620867066666	1.89537858666667
ENSG00000283727	-2.127792066	-1.7651162107787	-2.53186116406152
ENSG00000283771	1.47202188333333	1.265232465	3.68287962966667
ENSG00000283779	-2.127792066	-1.7651162107787	-2.53186116406152
ENSG00000283846	-2.127792066	-1.7651162107787	-2.53186116406152
ENSG00000283870	-2.127792066	-1.7651162107787	-2.53186116406152
ENSG00000283882	-2.127792066	-1.7651162107787	-2.53186116406152
ENSG00000284244	-2.127792066	-1.7651162107787	-2.53186116406152
ENSG00000284254	0.698523490000001	0.703398620833331	0.939411254333334
ENSG00000284264	-2.127792066	-1.7651162107787	-2.53186116406152
ENSG00000284307	-2.127792066	-1.7651162107787	-2.53186116406152
ENSG00000284408	-2.127792066	-1.7651162107787	-2.53186116406152
ENSG00000284752	0.753204016648665	0.513646640271786	1.00627752573077
ENSG00000284796	0.679367996333331	1.27147194058333	1.78927463066667
ENSG00000284868	0.502154948666666	0.506047832666665	1.26433362266667
ENSG00000284916	0.966338203333332	1.0601934895	1.45343659733334
ENSG00000284936	1.06377369935886	1.08092128794751	2.44969728878048
ENSG00000284980	-1.07798244466667	-0.878432499916667	-1.24333171233333
ENSG00000285426	0.76809747333333	0.819293110333332	2.38382519733334
ENSG00000288210	1.659839296	1.323298893	2.90329149633333
ENSG00000288368	0.788895816666665	0.870354968499999	1.638727331
ENSG00000288411	1.72715628866667	1.07428863016666	2.076186062
ENSG00000288455	-1.17926443166667	-0.829868438166667	-1.098008607
ENSG00000288461	0.740049088666665	0.764873580416667	1.951890845
